  0.0000000e+000  2.3000000e+001  1.0000000e+001  1.0000000e+000  0.0000000e+000  0.0000000e+000  1.0000000e+000  0.0000000e+000  0.0000000e+000
  0.0000000e+000  2.6000000e+001  1.2000000e+001  0.0000000e+000  0.0000000e+000  0.0000000e+000  0.0000000e+000  0.0000000e+000  1.2383680e+004
  0.0000000e+000  2.2000000e+001  9.0000000e+000  1.0000000e+000  0.0000000e+000  0.0000000e+000  1.0000000e+000  0.0000000e+000  0.0000000e+000
  0.0000000e+000  3.4000000e+001  9.0000000e+000  1.0000000e+000  0.0000000e+000  0.0000000e+000  1.0000000e+000  4.3684130e+003  1.4051160e+004
  0.0000000e+000  1.8000000e+001  9.0000000e+000  1.0000000e+000  0.0000000e+000  0.0000000e+000  1.0000000e+000  0.0000000e+000  1.0740080e+004
  0.0000000e+000  4.5000000e+001  1.1000000e+001  1.0000000e+000  0.0000000e+000  0.0000000e+000  1.0000000e+000  0.0000000e+000  1.1796470e+004
  0.0000000e+000  1.8000000e+001  9.0000000e+000  1.0000000e+000  0.0000000e+000  0.0000000e+000  1.0000000e+000  0.0000000e+000  9.2270520e+003
  0.0000000e+000  2.7000000e+001  1.2000000e+001  1.0000000e+000  0.0000000e+000  0.0000000e+000  0.0000000e+000  2.4838510e+003  3.5522680e+003
  0.0000000e+000  2.4000000e+001  8.0000000e+000  0.0000000e+000  0.0000000e+000  0.0000000e+000  1.0000000e+000  0.0000000e+000  1.0569270e+004
  0.0000000e+000  3.4000000e+001  1.1000000e+001  1.0000000e+000  0.0000000e+000  1.0000000e+000  1.0000000e+000  0.0000000e+000  6.0403350e+003
  0.0000000e+000  2.0000000e+001  1.3000000e+001  1.0000000e+000  0.0000000e+000  0.0000000e+000  0.0000000e+000  8.9652430e+003  9.1995630e+003
  0.0000000e+000  2.4000000e+001  4.0000000e+000  0.0000000e+000  1.0000000e+000  0.0000000e+000  1.0000000e+000  0.0000000e+000  3.8808330e+003
  0.0000000e+000  2.8000000e+001  1.2000000e+001  0.0000000e+000  0.0000000e+000  0.0000000e+000  0.0000000e+000  8.0334300e+002  1.6477020e+004
  0.0000000e+000  2.1000000e+001  1.0000000e+001  1.0000000e+000  0.0000000e+000  0.0000000e+000  1.0000000e+000  9.2257290e+002  0.0000000e+000
  0.0000000e+000  2.8000000e+001  1.2000000e+001  1.0000000e+000  0.0000000e+000  1.0000000e+000  0.0000000e+000  2.9009110e+004  1.0067430e+004
  0.0000000e+000  2.0000000e+001  1.2000000e+001  1.0000000e+000  0.0000000e+000  0.0000000e+000  0.0000000e+000  6.0047280e+003  4.7797200e+003
  0.0000000e+000  2.3000000e+001  8.0000000e+000  1.0000000e+000  0.0000000e+000  0.0000000e+000  1.0000000e+000  3.4030560e+003  0.0000000e+000
  0.0000000e+000  2.1000000e+001  1.1000000e+001  1.0000000e+000  0.0000000e+000  1.0000000e+000  1.0000000e+000  7.2445610e+003  8.9768260e+003
  0.0000000e+000  3.6000000e+001  1.0000000e+001  1.0000000e+000  0.0000000e+000  0.0000000e+000  1.0000000e+000  0.0000000e+000  0.0000000e+000
  0.0000000e+000  1.8000000e+001  1.2000000e+001  0.0000000e+000  0.0000000e+000  0.0000000e+000  0.0000000e+000  7.3520510e+002  2.5025260e+003
  0.0000000e+000  2.1000000e+001  1.4000000e+001  1.0000000e+000  0.0000000e+000  0.0000000e+000  0.0000000e+000  0.0000000e+000  5.7750620e+003
  0.0000000e+000  3.0000000e+001  1.3000000e+001  1.0000000e+000  0.0000000e+000  0.0000000e+000  0.0000000e+000  5.5697610e+003  0.0000000e+000
  0.0000000e+000  2.6000000e+001  1.1000000e+001  0.0000000e+000  1.0000000e+000  0.0000000e+000  1.0000000e+000  1.4910160e+003  0.0000000e+000
  0.0000000e+000  2.8000000e+001  9.0000000e+000  1.0000000e+000  0.0000000e+000  0.0000000e+000  1.0000000e+000  0.0000000e+000  0.0000000e+000
  0.0000000e+000  3.1000000e+001  4.0000000e+000  0.0000000e+000  0.0000000e+000  0.0000000e+000  1.0000000e+000  1.0711080e+004  0.0000000e+000
  0.0000000e+000  1.8000000e+001  1.2000000e+001  1.0000000e+000  0.0000000e+000  0.0000000e+000  0.0000000e+000  6.4266450e+002  1.4444710e+004
  0.0000000e+000  2.7000000e+001  7.0000000e+000  1.0000000e+000  0.0000000e+000  1.0000000e+000  1.0000000e+000  0.0000000e+000  0.0000000e+000
  0.0000000e+000  1.9000000e+001  1.1000000e+001  0.0000000e+000  0.0000000e+000  0.0000000e+000  1.0000000e+000  0.0000000e+000  0.0000000e+000
  0.0000000e+000  2.0000000e+001  8.0000000e+000  1.0000000e+000  0.0000000e+000  0.0000000e+000  1.0000000e+000  0.0000000e+000  0.0000000e+000
  0.0000000e+000  2.8000000e+001  8.0000000e+000  1.0000000e+000  0.0000000e+000  0.0000000e+000  1.0000000e+000  1.0610080e+004  4.6231880e+003
  0.0000000e+000  3.4000000e+001  1.2000000e+001  1.0000000e+000  0.0000000e+000  0.0000000e+000  0.0000000e+000  0.0000000e+000  2.1137220e+003
  0.0000000e+000  2.4000000e+001  1.0000000e+001  1.0000000e+000  0.0000000e+000  0.0000000e+000  1.0000000e+000  0.0000000e+000  7.6186390e+003
  0.0000000e+000  2.4000000e+001  9.0000000e+000  1.0000000e+000  0.0000000e+000  0.0000000e+000  1.0000000e+000  0.0000000e+000  1.6461570e+004
  0.0000000e+000  2.2000000e+001  8.0000000e+000  0.0000000e+000  1.0000000e+000  0.0000000e+000  1.0000000e+000  0.0000000e+000  9.9209450e+003
  0.0000000e+000  2.5000000e+001  1.1000000e+001  1.0000000e+000  0.0000000e+000  0.0000000e+000  1.0000000e+000  0.0000000e+000  4.1963750e+003
  0.0000000e+000  2.0000000e+001  1.1000000e+001  0.0000000e+000  0.0000000e+000  0.0000000e+000  1.0000000e+000  1.1771180e+003  8.7430710e+003
  0.0000000e+000  2.1000000e+001  9.0000000e+000  1.0000000e+000  0.0000000e+000  0.0000000e+000  1.0000000e+000  0.0000000e+000  3.3432240e+003
  0.0000000e+000  1.9000000e+001  1.2000000e+001  1.0000000e+000  0.0000000e+000  0.0000000e+000  0.0000000e+000  2.8141950e+003  1.7209070e+003
  0.0000000e+000  3.9000000e+001  9.0000000e+000  1.0000000e+000  0.0000000e+000  0.0000000e+000  1.0000000e+000  0.0000000e+000  0.0000000e+000
  0.0000000e+000  1.9000000e+001  9.0000000e+000  1.0000000e+000  0.0000000e+000  1.0000000e+000  1.0000000e+000  0.0000000e+000  1.6658250e+004
  0.0000000e+000  2.4000000e+001  1.0000000e+001  1.0000000e+000  0.0000000e+000  0.0000000e+000  1.0000000e+000  1.3079080e+003  0.0000000e+000
  0.0000000e+000  4.4000000e+001  9.0000000e+000  1.0000000e+000  0.0000000e+000  0.0000000e+000  1.0000000e+000  0.0000000e+000  9.7220030e+003
  0.0000000e+000  2.3000000e+001  1.1000000e+001  1.0000000e+000  0.0000000e+000  0.0000000e+000  1.0000000e+000  1.8960230e+003  5.5735470e+003
  0.0000000e+000  2.2000000e+001  1.2000000e+001  1.0000000e+000  0.0000000e+000  0.0000000e+000  0.0000000e+000  5.3225360e+002  1.3334450e+003
  0.0000000e+000  2.7000000e+001  8.0000000e+000  1.0000000e+000  0.0000000e+000  0.0000000e+000  1.0000000e+000  0.0000000e+000  3.7836600e+003
  0.0000000e+000  2.7000000e+001  1.1000000e+001  1.0000000e+000  0.0000000e+000  1.0000000e+000  1.0000000e+000  1.1226210e+003  2.1583480e+002
  0.0000000e+000  1.8000000e+001  9.0000000e+000  1.0000000e+000  0.0000000e+000  0.0000000e+000  1.0000000e+000  1.6054480e+003  0.0000000e+000
  0.0000000e+000  2.5000000e+001  8.0000000e+000  1.0000000e+000  0.0000000e+000  0.0000000e+000  1.0000000e+000  0.0000000e+000  3.5159290e+003
  0.0000000e+000  3.1000000e+001  1.0000000e+001  1.0000000e+000  0.0000000e+000  0.0000000e+000  1.0000000e+000  0.0000000e+000  1.7014590e+004
  0.0000000e+000  2.8000000e+001  1.0000000e+001  1.0000000e+000  0.0000000e+000  0.0000000e+000  1.0000000e+000  6.5673290e+003  5.4357870e+003
  0.0000000e+000  2.6000000e+001  1.0000000e+001  1.0000000e+000  0.0000000e+000  1.0000000e+000  1.0000000e+000  5.5877340e+002  0.0000000e+000
  0.0000000e+000  3.0000000e+001  8.0000000e+000  1.0000000e+000  0.0000000e+000  0.0000000e+000  1.0000000e+000  1.7066570e+003  0.0000000e+000
  0.0000000e+000  2.8000000e+001  1.1000000e+001  0.0000000e+000  1.0000000e+000  1.0000000e+000  1.0000000e+000  0.0000000e+000  6.7716220e+003
  0.0000000e+000  3.4000000e+001  1.0000000e+001  1.0000000e+000  0.0000000e+000  1.0000000e+000  1.0000000e+000  0.0000000e+000  0.0000000e+000
  0.0000000e+000  2.1000000e+001  7.0000000e+000  0.0000000e+000  1.0000000e+000  0.0000000e+000  1.0000000e+000  0.0000000e+000  0.0000000e+000
  0.0000000e+000  3.3000000e+001  1.2000000e+001  1.0000000e+000  0.0000000e+000  0.0000000e+000  0.0000000e+000  0.0000000e+000  5.9702570e+003
  0.0000000e+000  1.9000000e+001  9.0000000e+000  1.0000000e+000  0.0000000e+000  0.0000000e+000  1.0000000e+000  1.7780890e+003  7.1710000e+003
  0.0000000e+000  2.0000000e+001  1.1000000e+001  1.0000000e+000  0.0000000e+000  0.0000000e+000  1.0000000e+000  7.9672090e+003  0.0000000e+000
  0.0000000e+000  1.8000000e+001  1.0000000e+001  0.0000000e+000  1.0000000e+000  0.0000000e+000  1.0000000e+000  0.0000000e+000  1.8591670e+003
  0.0000000e+000  2.7000000e+001  1.2000000e+001  1.0000000e+000  0.0000000e+000  1.0000000e+000  0.0000000e+000  7.5239010e+002  0.0000000e+000
  0.0000000e+000  2.6000000e+001  1.2000000e+001  1.0000000e+000  0.0000000e+000  1.0000000e+000  0.0000000e+000  0.0000000e+000  6.1919430e+003
  0.0000000e+000  2.4000000e+001  9.0000000e+000  1.0000000e+000  0.0000000e+000  0.0000000e+000  1.0000000e+000  9.6626700e+003  0.0000000e+000
  0.0000000e+000  3.1000000e+001  1.2000000e+001  1.0000000e+000  0.0000000e+000  0.0000000e+000  0.0000000e+000  0.0000000e+000  7.2843940e+003
  0.0000000e+000  2.2000000e+001  1.2000000e+001  1.0000000e+000  0.0000000e+000  0.0000000e+000  0.0000000e+000  2.1580500e+003  0.0000000e+000
  0.0000000e+000  2.8000000e+001  1.4000000e+001  1.0000000e+000  0.0000000e+000  0.0000000e+000  0.0000000e+000  6.5395370e+003  3.1231160e+003
  0.0000000e+000  3.5000000e+001  1.0000000e+001  1.0000000e+000  0.0000000e+000  0.0000000e+000  1.0000000e+000  0.0000000e+000  4.4583090e+002
  0.0000000e+000  2.0000000e+001  1.2000000e+001  1.0000000e+000  0.0000000e+000  0.0000000e+000  0.0000000e+000  0.0000000e+000  0.0000000e+000
  0.0000000e+000  3.0000000e+001  9.0000000e+000  0.0000000e+000  0.0000000e+000  0.0000000e+000  1.0000000e+000  3.1419170e+003  1.3209230e+003
  0.0000000e+000  2.5000000e+001  1.1000000e+001  1.0000000e+000  0.0000000e+000  0.0000000e+000  1.0000000e+000  0.0000000e+000  0.0000000e+000
  0.0000000e+000  2.5000000e+001  1.0000000e+001  1.0000000e+000  0.0000000e+000  0.0000000e+000  1.0000000e+000  0.0000000e+000  7.3670400e+003
  0.0000000e+000  3.5000000e+001  1.1000000e+001  1.0000000e+000  0.0000000e+000  0.0000000e+000  1.0000000e+000  0.0000000e+000  0.0000000e+000
  0.0000000e+000  2.2000000e+001  8.0000000e+000  1.0000000e+000  0.0000000e+000  0.0000000e+000  1.0000000e+000  6.1505200e+003  0.0000000e+000
  0.0000000e+000  2.1000000e+001  1.2000000e+001  1.0000000e+000  0.0000000e+000  0.0000000e+000  0.0000000e+000  4.4904790e+002  0.0000000e+000
  0.0000000e+000  2.0000000e+001  1.0000000e+001  1.0000000e+000  0.0000000e+000  0.0000000e+000  1.0000000e+000  0.0000000e+000  2.0155030e+003
  0.0000000e+000  2.1000000e+001  8.0000000e+000  1.0000000e+000  0.0000000e+000  0.0000000e+000  1.0000000e+000  2.2372080e+003  1.7641080e+003
  0.0000000e+000  2.5000000e+001  9.0000000e+000  0.0000000e+000  1.0000000e+000  0.0000000e+000  1.0000000e+000  0.0000000e+000  1.5791130e+004
  0.0000000e+000  2.4000000e+001  1.0000000e+001  0.0000000e+000  1.0000000e+000  0.0000000e+000  1.0000000e+000  3.0008380e+003  5.3500380e+003
  0.0000000e+000  3.3000000e+001  1.1000000e+001  1.0000000e+000  0.0000000e+000  0.0000000e+000  1.0000000e+000  2.8998200e+003  1.8859890e+004
  0.0000000e+000  2.1000000e+001  9.0000000e+000  1.0000000e+000  0.0000000e+000  0.0000000e+000  1.0000000e+000  1.2357220e+004  0.0000000e+000
  0.0000000e+000  2.7000000e+001  1.1000000e+001  1.0000000e+000  0.0000000e+000  1.0000000e+000  1.0000000e+000  4.4918840e+003  0.0000000e+000
  0.0000000e+000  2.7000000e+001  1.0000000e+001  1.0000000e+000  0.0000000e+000  0.0000000e+000  1.0000000e+000  0.0000000e+000  1.1354700e+003
  0.0000000e+000  2.0000000e+001  1.1000000e+001  0.0000000e+000  1.0000000e+000  0.0000000e+000  1.0000000e+000  0.0000000e+000  6.3787200e+003
  0.0000000e+000  2.5000000e+001  1.3000000e+001  1.0000000e+000  0.0000000e+000  0.0000000e+000  0.0000000e+000  1.0240360e+004  1.0020720e+004
  0.0000000e+000  1.8000000e+001  1.1000000e+001  1.0000000e+000  0.0000000e+000  0.0000000e+000  1.0000000e+000  6.4527230e+002  5.4975910e+003
  0.0000000e+000  2.6000000e+001  1.1000000e+001  1.0000000e+000  0.0000000e+000  0.0000000e+000  1.0000000e+000  0.0000000e+000  7.1761870e+003
  0.0000000e+000  3.8000000e+001  8.0000000e+000  1.0000000e+000  0.0000000e+000  0.0000000e+000  1.0000000e+000  0.0000000e+000  0.0000000e+000
  0.0000000e+000  2.1000000e+001  1.1000000e+001  1.0000000e+000  0.0000000e+000  1.0000000e+000  1.0000000e+000  7.6521200e+003  8.3966540e+003
  0.0000000e+000  3.4000000e+001  1.1000000e+001  1.0000000e+000  0.0000000e+000  0.0000000e+000  1.0000000e+000  8.9124840e+003  5.6118660e+003
  0.0000000e+000  2.1000000e+001  1.0000000e+001  1.0000000e+000  0.0000000e+000  0.0000000e+000  1.0000000e+000  1.1623620e+003  3.9483530e+004
  0.0000000e+000  3.1000000e+001  1.3000000e+001  1.0000000e+000  0.0000000e+000  0.0000000e+000  0.0000000e+000  1.0393610e+004  7.4047620e+003
  0.0000000e+000  3.4000000e+001  1.0000000e+001  1.0000000e+000  0.0000000e+000  0.0000000e+000  1.0000000e+000  0.0000000e+000  7.9525400e+003
  0.0000000e+000  2.5000000e+001  1.1000000e+001  1.0000000e+000  0.0000000e+000  0.0000000e+000  1.0000000e+000  3.6497690e+003  0.0000000e+000
  0.0000000e+000  2.4000000e+001  9.0000000e+000  1.0000000e+000  0.0000000e+000  0.0000000e+000  1.0000000e+000  1.2753560e+003  8.6444270e+003
  0.0000000e+000  1.9000000e+001  1.2000000e+001  1.0000000e+000  0.0000000e+000  0.0000000e+000  0.0000000e+000  0.0000000e+000  0.0000000e+000
  0.0000000e+000  3.2000000e+001  8.0000000e+000  1.0000000e+000  0.0000000e+000  0.0000000e+000  1.0000000e+000  0.0000000e+000  7.1521320e+003
  0.0000000e+000  2.0000000e+001  9.0000000e+000  0.0000000e+000  1.0000000e+000  0.0000000e+000  1.0000000e+000  0.0000000e+000  8.3298230e+003
  0.0000000e+000  2.3000000e+001  1.0000000e+001  1.0000000e+000  0.0000000e+000  0.0000000e+000  1.0000000e+000  0.0000000e+000  0.0000000e+000
  0.0000000e+000  3.8000000e+001  1.0000000e+001  1.0000000e+000  0.0000000e+000  0.0000000e+000  1.0000000e+000  0.0000000e+000  1.2429910e+004
  0.0000000e+000  2.4000000e+001  1.1000000e+001  1.0000000e+000  0.0000000e+000  0.0000000e+000  1.0000000e+000  0.0000000e+000  0.0000000e+000
  0.0000000e+000  1.9000000e+001  1.0000000e+001  0.0000000e+000  1.0000000e+000  0.0000000e+000  1.0000000e+000  1.1974620e+003  1.1223720e+004
  0.0000000e+000  2.3000000e+001  1.1000000e+001  1.0000000e+000  0.0000000e+000  0.0000000e+000  1.0000000e+000  0.0000000e+000  5.0887600e+003
  0.0000000e+000  2.0000000e+001  7.0000000e+000  0.0000000e+000  1.0000000e+000  0.0000000e+000  1.0000000e+000  0.0000000e+000  4.3740400e+003
  0.0000000e+000  2.5000000e+001  1.0000000e+001  1.0000000e+000  0.0000000e+000  1.0000000e+000  1.0000000e+000  9.3194440e+003  0.0000000e+000
  0.0000000e+000  2.1000000e+001  1.1000000e+001  1.0000000e+000  0.0000000e+000  0.0000000e+000  1.0000000e+000  0.0000000e+000  1.5532910e+003
  0.0000000e+000  2.5000000e+001  1.0000000e+001  1.0000000e+000  0.0000000e+000  0.0000000e+000  1.0000000e+000  0.0000000e+000  0.0000000e+000
  0.0000000e+000  2.2000000e+001  1.1000000e+001  1.0000000e+000  0.0000000e+000  1.0000000e+000  1.0000000e+000  0.0000000e+000  1.6983040e+003
  0.0000000e+000  2.9000000e+001  9.0000000e+000  0.0000000e+000  1.0000000e+000  0.0000000e+000  1.0000000e+000  1.6341160e+004  1.6900300e+004
  0.0000000e+000  2.1000000e+001  1.1000000e+001  1.0000000e+000  0.0000000e+000  0.0000000e+000  1.0000000e+000  1.8628890e+003  1.1630660e+004
  0.0000000e+000  2.1000000e+001  7.0000000e+000  1.0000000e+000  0.0000000e+000  0.0000000e+000  1.0000000e+000  0.0000000e+000  1.1011570e+004
  0.0000000e+000  2.3000000e+001  1.1000000e+001  1.0000000e+000  0.0000000e+000  0.0000000e+000  1.0000000e+000  0.0000000e+000  0.0000000e+000
  0.0000000e+000  2.0000000e+001  1.2000000e+001  1.0000000e+000  0.0000000e+000  0.0000000e+000  0.0000000e+000  1.3714730e+003  2.0893110e+004
  0.0000000e+000  2.1000000e+001  1.1000000e+001  0.0000000e+000  1.0000000e+000  0.0000000e+000  1.0000000e+000  8.9204710e+003  2.0857840e+004
  0.0000000e+000  2.6000000e+001  1.2000000e+001  1.0000000e+000  0.0000000e+000  0.0000000e+000  0.0000000e+000  7.3220370e+003  4.6770490e+003
  0.0000000e+000  2.4000000e+001  1.2000000e+001  0.0000000e+000  0.0000000e+000  0.0000000e+000  0.0000000e+000  0.0000000e+000  1.1294630e+004
  0.0000000e+000  4.3000000e+001  1.0000000e+001  1.0000000e+000  0.0000000e+000  0.0000000e+000  1.0000000e+000  4.1284430e+003  7.5652730e+003
  0.0000000e+000  3.1000000e+001  1.1000000e+001  1.0000000e+000  0.0000000e+000  0.0000000e+000  1.0000000e+000  1.7264450e+003  0.0000000e+000
  0.0000000e+000  2.2000000e+001  1.1000000e+001  1.0000000e+000  0.0000000e+000  0.0000000e+000  1.0000000e+000  2.7073720e+003  1.0069980e+002
  0.0000000e+000  2.9000000e+001  1.1000000e+001  1.0000000e+000  0.0000000e+000  0.0000000e+000  1.0000000e+000  0.0000000e+000  0.0000000e+000
  0.0000000e+000  2.4000000e+001  1.1000000e+001  1.0000000e+000  0.0000000e+000  0.0000000e+000  1.0000000e+000  0.0000000e+000  1.4626390e+004
  0.0000000e+000  2.2000000e+001  9.0000000e+000  1.0000000e+000  0.0000000e+000  0.0000000e+000  1.0000000e+000  0.0000000e+000  1.2898380e+004
  0.0000000e+000  1.9000000e+001  1.1000000e+001  1.0000000e+000  0.0000000e+000  0.0000000e+000  1.0000000e+000  8.8708790e+003  7.3962920e+003
  0.0000000e+000  2.8000000e+001  1.1000000e+001  1.0000000e+000  0.0000000e+000  0.0000000e+000  1.0000000e+000  0.0000000e+000  5.7671330e+003
  0.0000000e+000  1.8000000e+001  1.0000000e+001  0.0000000e+000  1.0000000e+000  0.0000000e+000  1.0000000e+000  0.0000000e+000  6.5279190e+003
  0.0000000e+000  1.8000000e+001  9.0000000e+000  1.0000000e+000  0.0000000e+000  0.0000000e+000  1.0000000e+000  2.1380940e+003  5.7677040e+003
  0.0000000e+000  2.6000000e+001  1.0000000e+001  1.0000000e+000  0.0000000e+000  0.0000000e+000  1.0000000e+000  0.0000000e+000  3.9312380e+003
  0.0000000e+000  2.5000000e+001  1.0000000e+001  1.0000000e+000  0.0000000e+000  0.0000000e+000  1.0000000e+000  0.0000000e+000  2.0942240e+004
  0.0000000e+000  2.6000000e+001  1.2000000e+001  1.0000000e+000  0.0000000e+000  0.0000000e+000  0.0000000e+000  8.4795930e+003  1.0820550e+004
  0.0000000e+000  2.3000000e+001  1.1000000e+001  1.0000000e+000  0.0000000e+000  0.0000000e+000  1.0000000e+000  2.9897190e+004  2.3483450e+004
  0.0000000e+000  2.0000000e+001  8.0000000e+000  0.0000000e+000  1.0000000e+000  0.0000000e+000  1.0000000e+000  1.1248010e+003  1.1731200e+004
  0.0000000e+000  2.4000000e+001  1.0000000e+001  1.0000000e+000  0.0000000e+000  0.0000000e+000  1.0000000e+000  0.0000000e+000  0.0000000e+000
  0.0000000e+000  2.7000000e+001  1.3000000e+001  1.0000000e+000  0.0000000e+000  0.0000000e+000  0.0000000e+000  8.7973480e+003  1.6534810e+003
  0.0000000e+000  2.6000000e+001  5.0000000e+000  1.0000000e+000  0.0000000e+000  0.0000000e+000  1.0000000e+000  0.0000000e+000  0.0000000e+000
  0.0000000e+000  3.7000000e+001  1.0000000e+001  1.0000000e+000  0.0000000e+000  0.0000000e+000  1.0000000e+000  8.6067430e+003  0.0000000e+000
  0.0000000e+000  3.6000000e+001  1.0000000e+001  1.0000000e+000  0.0000000e+000  0.0000000e+000  1.0000000e+000  0.0000000e+000  1.4690350e+004
  0.0000000e+000  2.2000000e+001  1.1000000e+001  1.0000000e+000  0.0000000e+000  0.0000000e+000  1.0000000e+000  0.0000000e+000  0.0000000e+000
  0.0000000e+000  2.2000000e+001  9.0000000e+000  1.0000000e+000  0.0000000e+000  0.0000000e+000  1.0000000e+000  5.0640760e+002  6.0419870e+002
  0.0000000e+000  2.5000000e+001  1.2000000e+001  1.0000000e+000  0.0000000e+000  0.0000000e+000  0.0000000e+000  0.0000000e+000  3.4180970e+003
  0.0000000e+000  2.2000000e+001  1.0000000e+001  1.0000000e+000  0.0000000e+000  0.0000000e+000  1.0000000e+000  1.7656760e+003  0.0000000e+000
  0.0000000e+000  2.7000000e+001  1.1000000e+001  1.0000000e+000  0.0000000e+000  0.0000000e+000  1.0000000e+000  0.0000000e+000  1.1197340e+004
  0.0000000e+000  2.9000000e+001  8.0000000e+000  1.0000000e+000  0.0000000e+000  0.0000000e+000  1.0000000e+000  0.0000000e+000  0.0000000e+000
  0.0000000e+000  1.8000000e+001  9.0000000e+000  1.0000000e+000  0.0000000e+000  0.0000000e+000  1.0000000e+000  2.0066290e+003  6.5460100e+003
  0.0000000e+000  2.4000000e+001  1.2000000e+001  1.0000000e+000  0.0000000e+000  0.0000000e+000  0.0000000e+000  0.0000000e+000  0.0000000e+000
  0.0000000e+000  2.7000000e+001  9.0000000e+000  0.0000000e+000  1.0000000e+000  0.0000000e+000  1.0000000e+000  1.5967620e+003  6.7234140e+003
  0.0000000e+000  1.9000000e+001  9.0000000e+000  1.0000000e+000  0.0000000e+000  0.0000000e+000  1.0000000e+000  9.0245650e+002  1.9144140e+003
  0.0000000e+000  2.2000000e+001  1.0000000e+001  1.0000000e+000  0.0000000e+000  0.0000000e+000  1.0000000e+000  0.0000000e+000  0.0000000e+000
  0.0000000e+000  2.9000000e+001  1.2000000e+001  1.0000000e+000  0.0000000e+000  0.0000000e+000  0.0000000e+000  1.3593470e+003  1.3276000e+002
  0.0000000e+000  3.0000000e+001  1.1000000e+001  1.0000000e+000  0.0000000e+000  1.0000000e+000  1.0000000e+000  9.3119380e+003  3.9828010e+003
  0.0000000e+000  2.2000000e+001  7.0000000e+000  1.0000000e+000  0.0000000e+000  0.0000000e+000  1.0000000e+000  1.3503770e+004  1.1607090e+004
  0.0000000e+000  2.4000000e+001  7.0000000e+000  1.0000000e+000  0.0000000e+000  0.0000000e+000  1.0000000e+000  0.0000000e+000  1.4556900e+003
  0.0000000e+000  2.9000000e+001  1.4000000e+001  1.0000000e+000  0.0000000e+000  0.0000000e+000  0.0000000e+000  3.3571850e+003  7.2260490e+003
  0.0000000e+000  2.9000000e+001  1.2000000e+001  1.0000000e+000  0.0000000e+000  0.0000000e+000  0.0000000e+000  0.0000000e+000  1.8909370e+003
  0.0000000e+000  2.2000000e+001  1.1000000e+001  1.0000000e+000  0.0000000e+000  0.0000000e+000  1.0000000e+000  1.3216600e+003  2.6392900e+003
  0.0000000e+000  2.5000000e+001  1.1000000e+001  0.0000000e+000  1.0000000e+000  1.0000000e+000  1.0000000e+000  0.0000000e+000  4.4856160e+003
  0.0000000e+000  3.0000000e+001  1.2000000e+001  1.0000000e+000  0.0000000e+000  0.0000000e+000  0.0000000e+000  0.0000000e+000  1.3613350e+004
  0.0000000e+000  2.2000000e+001  8.0000000e+000  1.0000000e+000  0.0000000e+000  0.0000000e+000  1.0000000e+000  0.0000000e+000  1.3905090e+003
  0.0000000e+000  5.5000000e+001  3.0000000e+000  1.0000000e+000  0.0000000e+000  0.0000000e+000  1.0000000e+000  0.0000000e+000  5.8437960e+003
  0.0000000e+000  3.5000000e+001  1.0000000e+001  1.0000000e+000  0.0000000e+000  0.0000000e+000  1.0000000e+000  9.9027630e+003  9.4538270e+003
  0.0000000e+000  2.0000000e+001  1.0000000e+001  1.0000000e+000  0.0000000e+000  0.0000000e+000  1.0000000e+000  0.0000000e+000  8.5985220e+003
  0.0000000e+000  2.9000000e+001  9.0000000e+000  1.0000000e+000  0.0000000e+000  0.0000000e+000  1.0000000e+000  1.2038240e+003  9.3786530e+003
  0.0000000e+000  2.0000000e+001  1.1000000e+001  1.0000000e+000  0.0000000e+000  0.0000000e+000  1.0000000e+000  3.4703890e+003  7.8967070e+003
  0.0000000e+000  2.7000000e+001  9.0000000e+000  1.0000000e+000  0.0000000e+000  0.0000000e+000  1.0000000e+000  2.1290160e+003  0.0000000e+000
  0.0000000e+000  2.8000000e+001  1.0000000e+001  1.0000000e+000  0.0000000e+000  1.0000000e+000  1.0000000e+000  6.4494800e+003  1.6988180e+004
  0.0000000e+000  2.0000000e+001  1.1000000e+001  1.0000000e+000  0.0000000e+000  0.0000000e+000  1.0000000e+000  2.5313110e+003  0.0000000e+000
  0.0000000e+000  2.6000000e+001  1.4000000e+001  1.0000000e+000  0.0000000e+000  1.0000000e+000  0.0000000e+000  2.0255660e+003  0.0000000e+000
  0.0000000e+000  1.9000000e+001  8.0000000e+000  0.0000000e+000  1.0000000e+000  0.0000000e+000  1.0000000e+000  1.0878030e+003  2.9871010e+003
  0.0000000e+000  3.4000000e+001  1.1000000e+001  1.0000000e+000  0.0000000e+000  0.0000000e+000  1.0000000e+000  0.0000000e+000  2.9201990e+003
  0.0000000e+000  2.2000000e+001  1.2000000e+001  1.0000000e+000  0.0000000e+000  0.0000000e+000  0.0000000e+000  0.0000000e+000  0.0000000e+000
  0.0000000e+000  3.2000000e+001  1.2000000e+001  0.0000000e+000  1.0000000e+000  1.0000000e+000  0.0000000e+000  0.0000000e+000  6.7353200e+003
  0.0000000e+000  1.9000000e+001  1.1000000e+001  1.0000000e+000  0.0000000e+000  0.0000000e+000  1.0000000e+000  1.8680210e+003  0.0000000e+000
  0.0000000e+000  3.1000000e+001  1.0000000e+001  1.0000000e+000  0.0000000e+000  0.0000000e+000  1.0000000e+000  0.0000000e+000  0.0000000e+000
  0.0000000e+000  1.8000000e+001  9.0000000e+000  1.0000000e+000  0.0000000e+000  0.0000000e+000  1.0000000e+000  0.0000000e+000  0.0000000e+000
  0.0000000e+000  2.8000000e+001  1.0000000e+001  1.0000000e+000  0.0000000e+000  0.0000000e+000  1.0000000e+000  4.4795870e+003  1.2867200e+002
  0.0000000e+000  3.2000000e+001  1.2000000e+001  1.0000000e+000  0.0000000e+000  0.0000000e+000  0.0000000e+000  1.2419180e+004  1.0673700e+004
  0.0000000e+000  5.0000000e+001  1.0000000e+001  0.0000000e+000  1.0000000e+000  0.0000000e+000  1.0000000e+000  0.0000000e+000  0.0000000e+000
  0.0000000e+000  2.0000000e+001  1.2000000e+001  1.0000000e+000  0.0000000e+000  0.0000000e+000  0.0000000e+000  5.9181510e+002  4.1599190e+003
  0.0000000e+000  2.5000000e+001  1.1000000e+001  1.0000000e+000  0.0000000e+000  1.0000000e+000  1.0000000e+000  0.0000000e+000  4.4755460e+001
  0.0000000e+000  2.3000000e+001  1.0000000e+001  1.0000000e+000  0.0000000e+000  1.0000000e+000  1.0000000e+000  0.0000000e+000  0.0000000e+000
  0.0000000e+000  2.1000000e+001  1.4000000e+001  1.0000000e+000  0.0000000e+000  0.0000000e+000  0.0000000e+000  5.9267950e+003  2.9408040e+004
  0.0000000e+000  3.8000000e+001  1.0000000e+001  1.0000000e+000  0.0000000e+000  0.0000000e+000  1.0000000e+000  0.0000000e+000  0.0000000e+000
  0.0000000e+000  2.5000000e+001  7.0000000e+000  0.0000000e+000  1.0000000e+000  0.0000000e+000  1.0000000e+000  1.1771180e+003  9.7223490e+003
  0.0000000e+000  2.5000000e+001  1.0000000e+001  1.0000000e+000  0.0000000e+000  1.0000000e+000  1.0000000e+000  0.0000000e+000  3.7018120e+003
  0.0000000e+000  2.9000000e+001  1.2000000e+001  1.0000000e+000  0.0000000e+000  0.0000000e+000  0.0000000e+000  2.0802090e+003  1.6969950e+004
  0.0000000e+000  4.2000000e+001  1.0000000e+001  1.0000000e+000  0.0000000e+000  0.0000000e+000  1.0000000e+000  0.0000000e+000  6.9303360e+003
  0.0000000e+000  3.9000000e+001  1.2000000e+001  1.0000000e+000  0.0000000e+000  1.0000000e+000  0.0000000e+000  0.0000000e+000  3.7957990e+003
  0.0000000e+000  2.7000000e+001  1.1000000e+001  1.0000000e+000  0.0000000e+000  1.0000000e+000  1.0000000e+000  2.0035260e+004  9.0747640e+003
  0.0000000e+000  3.4000000e+001  1.3000000e+001  1.0000000e+000  0.0000000e+000  1.0000000e+000  0.0000000e+000  0.0000000e+000  5.1932470e+003
  0.0000000e+000  2.5000000e+001  1.1000000e+001  1.0000000e+000  0.0000000e+000  1.0000000e+000  1.0000000e+000  3.2664060e+003  4.7926770e+002
  0.0000000e+000  2.8000000e+001  1.0000000e+001  1.0000000e+000  0.0000000e+000  0.0000000e+000  1.0000000e+000  1.0068400e+004  0.0000000e+000
  0.0000000e+000  2.4000000e+001  7.0000000e+000  1.0000000e+000  0.0000000e+000  0.0000000e+000  1.0000000e+000  0.0000000e+000  2.1935280e+003
  0.0000000e+000  3.2000000e+001  1.1000000e+001  1.0000000e+000  0.0000000e+000  0.0000000e+000  1.0000000e+000  0.0000000e+000  1.1120530e+004
  0.0000000e+000  2.7000000e+001  1.3000000e+001  1.0000000e+000  0.0000000e+000  0.0000000e+000  0.0000000e+000  0.0000000e+000  7.6095180e+003
  0.0000000e+000  2.0000000e+001  1.2000000e+001  1.0000000e+000  0.0000000e+000  0.0000000e+000  0.0000000e+000  4.9322150e+003  6.0869660e+003
  0.0000000e+000  2.9000000e+001  1.3000000e+001  1.0000000e+000  0.0000000e+000  0.0000000e+000  0.0000000e+000  2.2655790e+003  2.7253220e+003
  0.0000000e+000  2.6000000e+001  1.0000000e+001  1.0000000e+000  0.0000000e+000  0.0000000e+000  1.0000000e+000  0.0000000e+000  2.1690270e+003
  0.0000000e+000  4.4000000e+001  1.1000000e+001  1.0000000e+000  0.0000000e+000  0.0000000e+000  1.0000000e+000  0.0000000e+000  0.0000000e+000
  0.0000000e+000  2.4000000e+001  9.0000000e+000  1.0000000e+000  0.0000000e+000  0.0000000e+000  1.0000000e+000  4.1186810e+003  5.9742000e+002
  0.0000000e+000  2.8000000e+001  1.0000000e+001  0.0000000e+000  0.0000000e+000  1.0000000e+000  1.0000000e+000  6.3461930e+003  6.7930770e+003
  0.0000000e+000  2.4000000e+001  1.1000000e+001  1.0000000e+000  0.0000000e+000  0.0000000e+000  1.0000000e+000  1.3279930e+003  9.4959020e+003
  0.0000000e+000  2.5000000e+001  1.1000000e+001  1.0000000e+000  0.0000000e+000  0.0000000e+000  1.0000000e+000  0.0000000e+000  1.2642320e+003
  0.0000000e+000  2.5000000e+001  8.0000000e+000  1.0000000e+000  0.0000000e+000  1.0000000e+000  1.0000000e+000  5.1582740e+002  1.4281310e+004
  0.0000000e+000  2.3000000e+001  1.1000000e+001  1.0000000e+000  0.0000000e+000  0.0000000e+000  1.0000000e+000  5.7164070e+003  1.0274840e+004
  0.0000000e+000  2.0000000e+001  1.1000000e+001  1.0000000e+000  0.0000000e+000  0.0000000e+000  1.0000000e+000  1.6504610e+003  2.7887510e+002
  0.0000000e+000  2.4000000e+001  1.2000000e+001  1.0000000e+000  0.0000000e+000  0.0000000e+000  0.0000000e+000  8.1005330e+003  1.1235110e+004
  0.0000000e+000  2.0000000e+001  1.1000000e+001  0.0000000e+000  0.0000000e+000  1.0000000e+000  1.0000000e+000  8.1595070e+003  6.3367830e+003
  0.0000000e+000  2.5000000e+001  1.2000000e+001  1.0000000e+000  0.0000000e+000  0.0000000e+000  0.0000000e+000  0.0000000e+000  0.0000000e+000
  0.0000000e+000  2.8000000e+001  1.1000000e+001  1.0000000e+000  0.0000000e+000  0.0000000e+000  1.0000000e+000  8.6347950e+002  0.0000000e+000
  0.0000000e+000  2.8000000e+001  1.2000000e+001  1.0000000e+000  0.0000000e+000  1.0000000e+000  0.0000000e+000  0.0000000e+000  0.0000000e+000
  0.0000000e+000  2.1000000e+001  1.2000000e+001  0.0000000e+000  0.0000000e+000  0.0000000e+000  0.0000000e+000  5.4408150e+003  1.1544010e+004
  0.0000000e+000  2.4000000e+001  1.1000000e+001  0.0000000e+000  0.0000000e+000  0.0000000e+000  1.0000000e+000  1.4683830e+003  1.0361690e+004
  0.0000000e+000  3.2000000e+001  1.0000000e+001  1.0000000e+000  0.0000000e+000  0.0000000e+000  1.0000000e+000  0.0000000e+000  0.0000000e+000
  0.0000000e+000  2.1000000e+001  1.0000000e+001  1.0000000e+000  0.0000000e+000  1.0000000e+000  1.0000000e+000  1.7851800e+003  6.8311060e+003
  0.0000000e+000  2.1000000e+001  8.0000000e+000  1.0000000e+000  0.0000000e+000  0.0000000e+000  1.0000000e+000  6.6083040e+003  3.0835810e+003
  0.0000000e+000  2.5000000e+001  1.0000000e+001  1.0000000e+000  0.0000000e+000  1.0000000e+000  1.0000000e+000  1.1696370e+004  1.1127280e+004
  0.0000000e+000  2.2000000e+001  1.0000000e+001  0.0000000e+000  0.0000000e+000  1.0000000e+000  1.0000000e+000  2.3031980e+004  5.4488010e+003
  0.0000000e+000  2.2000000e+001  1.0000000e+001  1.0000000e+000  0.0000000e+000  0.0000000e+000  1.0000000e+000  0.0000000e+000  0.0000000e+000
  0.0000000e+000  1.9000000e+001  9.0000000e+000  1.0000000e+000  0.0000000e+000  0.0000000e+000  1.0000000e+000  0.0000000e+000  5.7126430e+003
  0.0000000e+000  3.1000000e+001  1.0000000e+001  1.0000000e+000  0.0000000e+000  1.0000000e+000  1.0000000e+000  0.0000000e+000  0.0000000e+000
  0.0000000e+000  2.3000000e+001  1.1000000e+001  1.0000000e+000  0.0000000e+000  0.0000000e+000  1.0000000e+000  0.0000000e+000  0.0000000e+000
  0.0000000e+000  2.2000000e+001  1.1000000e+001  1.0000000e+000  0.0000000e+000  0.0000000e+000  1.0000000e+000  8.7526150e+002  9.1396520e+003
  0.0000000e+000  3.3000000e+001  1.1000000e+001  1.0000000e+000  0.0000000e+000  0.0000000e+000  1.0000000e+000  0.0000000e+000  0.0000000e+000
  0.0000000e+000  2.7000000e+001  1.0000000e+001  1.0000000e+000  0.0000000e+000  0.0000000e+000  1.0000000e+000  0.0000000e+000  1.1848820e+003
  0.0000000e+000  2.9000000e+001  1.1000000e+001  1.0000000e+000  0.0000000e+000  1.0000000e+000  1.0000000e+000  0.0000000e+000  1.0225880e+004
  0.0000000e+000  3.8000000e+001  1.0000000e+001  1.0000000e+000  0.0000000e+000  1.0000000e+000  1.0000000e+000  1.4701950e+004  4.3935230e+003
  0.0000000e+000  2.0000000e+001  6.0000000e+000  1.0000000e+000  0.0000000e+000  0.0000000e+000  1.0000000e+000  2.8506100e+003  0.0000000e+000
  0.0000000e+000  2.3000000e+001  1.0000000e+001  1.0000000e+000  0.0000000e+000  0.0000000e+000  1.0000000e+000  0.0000000e+000  0.0000000e+000
  0.0000000e+000  2.9000000e+001  1.1000000e+001  1.0000000e+000  0.0000000e+000  0.0000000e+000  1.0000000e+000  3.2561650e+003  3.2902930e+003
  0.0000000e+000  2.6000000e+001  9.0000000e+000  1.0000000e+000  0.0000000e+000  0.0000000e+000  1.0000000e+000  6.9550540e+003  1.1856880e+004
  0.0000000e+000  2.5000000e+001  9.0000000e+000  1.0000000e+000  0.0000000e+000  1.0000000e+000  1.0000000e+000  0.0000000e+000  4.7153710e+003
  0.0000000e+000  2.4000000e+001  1.1000000e+001  1.0000000e+000  0.0000000e+000  0.0000000e+000  1.0000000e+000  1.3370580e+004  1.9533880e+004
  0.0000000e+000  2.5000000e+001  1.0000000e+001  1.0000000e+000  0.0000000e+000  0.0000000e+000  1.0000000e+000  0.0000000e+000  2.8978990e+002
  0.0000000e+000  2.3000000e+001  1.1000000e+001  0.0000000e+000  0.0000000e+000  0.0000000e+000  1.0000000e+000  1.9995640e+004  1.2896220e+004
  0.0000000e+000  2.5000000e+001  1.3000000e+001  1.0000000e+000  0.0000000e+000  0.0000000e+000  0.0000000e+000  3.7510480e+003  1.6727760e+003
  0.0000000e+000  2.0000000e+001  9.0000000e+000  1.0000000e+000  0.0000000e+000  0.0000000e+000  1.0000000e+000  9.1644490e+003  8.9243950e+003
  0.0000000e+000  2.5000000e+001  1.1000000e+001  1.0000000e+000  0.0000000e+000  0.0000000e+000  1.0000000e+000  3.0727260e+003  2.8465840e+002
  0.0000000e+000  2.9000000e+001  1.2000000e+001  0.0000000e+000  0.0000000e+000  0.0000000e+000  0.0000000e+000  1.2205140e+004  1.6328960e+004
  0.0000000e+000  2.5000000e+001  9.0000000e+000  1.0000000e+000  0.0000000e+000  1.0000000e+000  1.0000000e+000  1.6946630e+004  7.3439640e+003
  0.0000000e+000  2.3000000e+001  1.1000000e+001  1.0000000e+000  0.0000000e+000  0.0000000e+000  1.0000000e+000  5.8079010e+002  0.0000000e+000
  0.0000000e+000  4.4000000e+001  9.0000000e+000  1.0000000e+000  0.0000000e+000  1.0000000e+000  1.0000000e+000  1.0857240e+004  1.2359310e+004
  0.0000000e+000  2.2000000e+001  1.2000000e+001  1.0000000e+000  0.0000000e+000  1.0000000e+000  0.0000000e+000  9.3521990e+003  8.0721810e+003
  0.0000000e+000  2.0000000e+001  1.1000000e+001  0.0000000e+000  0.0000000e+000  0.0000000e+000  1.0000000e+000  1.1591310e+003  0.0000000e+000
  0.0000000e+000  3.6000000e+001  1.1000000e+001  1.0000000e+000  0.0000000e+000  0.0000000e+000  1.0000000e+000  7.3115610e+003  0.0000000e+000
  0.0000000e+000  2.4000000e+001  1.0000000e+001  1.0000000e+000  0.0000000e+000  0.0000000e+000  1.0000000e+000  0.0000000e+000  0.0000000e+000
  0.0000000e+000  2.8000000e+001  8.0000000e+000  0.0000000e+000  0.0000000e+000  0.0000000e+000  1.0000000e+000  0.0000000e+000  8.1904210e+003
  0.0000000e+000  3.9000000e+001  1.1000000e+001  1.0000000e+000  0.0000000e+000  0.0000000e+000  1.0000000e+000  8.3689640e+001  0.0000000e+000
  0.0000000e+000  2.7000000e+001  1.2000000e+001  0.0000000e+000  1.0000000e+000  0.0000000e+000  0.0000000e+000  2.4276970e+004  1.5762880e+004
  0.0000000e+000  3.1000000e+001  1.0000000e+001  1.0000000e+000  0.0000000e+000  0.0000000e+000  1.0000000e+000  5.2044630e+002  1.4527880e+004
  0.0000000e+000  2.6000000e+001  6.0000000e+000  1.0000000e+000  0.0000000e+000  0.0000000e+000  1.0000000e+000  0.0000000e+000  4.8130500e+003
  0.0000000e+000  3.0000000e+001  1.1000000e+001  1.0000000e+000  0.0000000e+000  1.0000000e+000  1.0000000e+000  2.4105390e+004  7.2630250e+003
  0.0000000e+000  3.1000000e+001  8.0000000e+000  1.0000000e+000  0.0000000e+000  0.0000000e+000  1.0000000e+000  4.5776800e+003  6.1538300e+003
  0.0000000e+000  2.6000000e+001  8.0000000e+000  1.0000000e+000  0.0000000e+000  0.0000000e+000  1.0000000e+000  5.5625980e+003  3.5235780e+003
  0.0000000e+000  2.6000000e+001  1.0000000e+001  1.0000000e+000  0.0000000e+000  1.0000000e+000  1.0000000e+000  9.1074310e+003  1.2659580e+004
  0.0000000e+000  2.4000000e+001  1.2000000e+001  1.0000000e+000  0.0000000e+000  0.0000000e+000  0.0000000e+000  1.5988470e+002  0.0000000e+000
  0.0000000e+000  2.5000000e+001  1.1000000e+001  1.0000000e+000  0.0000000e+000  0.0000000e+000  1.0000000e+000  2.4550670e+003  8.7641480e+003
  0.0000000e+000  2.9000000e+001  9.0000000e+000  1.0000000e+000  0.0000000e+000  0.0000000e+000  1.0000000e+000  9.1606930e+003  0.0000000e+000
  0.0000000e+000  3.0000000e+001  1.4000000e+001  1.0000000e+000  0.0000000e+000  1.0000000e+000  0.0000000e+000  0.0000000e+000  7.3446780e+003
  0.0000000e+000  2.5000000e+001  1.0000000e+001  1.0000000e+000  0.0000000e+000  1.0000000e+000  1.0000000e+000  0.0000000e+000  0.0000000e+000
  0.0000000e+000  4.1000000e+001  1.2000000e+001  1.0000000e+000  0.0000000e+000  0.0000000e+000  0.0000000e+000  9.8184670e+003  0.0000000e+000
  0.0000000e+000  2.9000000e+001  1.1000000e+001  1.0000000e+000  0.0000000e+000  1.0000000e+000  1.0000000e+000  0.0000000e+000  0.0000000e+000
  0.0000000e+000  2.5000000e+001  1.2000000e+001  1.0000000e+000  0.0000000e+000  1.0000000e+000  0.0000000e+000  0.0000000e+000  0.0000000e+000
  0.0000000e+000  2.8000000e+001  1.3000000e+001  1.0000000e+000  0.0000000e+000  0.0000000e+000  0.0000000e+000  0.0000000e+000  0.0000000e+000
  0.0000000e+000  2.3000000e+001  1.1000000e+001  1.0000000e+000  0.0000000e+000  0.0000000e+000  1.0000000e+000  0.0000000e+000  4.3509070e+003
  0.0000000e+000  5.4000000e+001  1.1000000e+001  1.0000000e+000  0.0000000e+000  0.0000000e+000  1.0000000e+000  0.0000000e+000  7.8125220e+003
  0.0000000e+000  3.3000000e+001  5.0000000e+000  0.0000000e+000  1.0000000e+000  0.0000000e+000  1.0000000e+000  0.0000000e+000  0.0000000e+000
  0.0000000e+000  3.1000000e+001  1.2000000e+001  0.0000000e+000  0.0000000e+000  0.0000000e+000  0.0000000e+000  4.9464300e+002  0.0000000e+000
  0.0000000e+000  3.4000000e+001  1.2000000e+001  1.0000000e+000  0.0000000e+000  0.0000000e+000  0.0000000e+000  4.0872140e+003  5.6708200e+003
  0.0000000e+000  5.0000000e+001  8.0000000e+000  1.0000000e+000  0.0000000e+000  1.0000000e+000  1.0000000e+000  5.6300500e+003  8.9971930e+003
  0.0000000e+000  3.1000000e+001  1.1000000e+001  1.0000000e+000  0.0000000e+000  0.0000000e+000  1.0000000e+000  7.5052130e+003  3.0833520e+002
  0.0000000e+000  3.6000000e+001  1.2000000e+001  0.0000000e+000  1.0000000e+000  0.0000000e+000  0.0000000e+000  1.1491950e+004  4.9785010e+003
  0.0000000e+000  2.0000000e+001  8.0000000e+000  1.0000000e+000  0.0000000e+000  0.0000000e+000  1.0000000e+000  0.0000000e+000  3.6446550e+003
  0.0000000e+000  2.4000000e+001  1.2000000e+001  0.0000000e+000  0.0000000e+000  1.0000000e+000  0.0000000e+000  2.4294750e+004  6.6573740e+002
  0.0000000e+000  2.3000000e+001  1.2000000e+001  0.0000000e+000  1.0000000e+000  0.0000000e+000  0.0000000e+000  8.9606840e+003  7.0781780e+003
  0.0000000e+000  2.6000000e+001  1.3000000e+001  0.0000000e+000  0.0000000e+000  0.0000000e+000  0.0000000e+000  5.3951190e+003  9.7662000e+003
  0.0000000e+000  2.8000000e+001  1.1000000e+001  0.0000000e+000  0.0000000e+000  0.0000000e+000  1.0000000e+000  3.2009120e+003  7.6450550e+003
  0.0000000e+000  4.5000000e+001  9.0000000e+000  1.0000000e+000  0.0000000e+000  0.0000000e+000  1.0000000e+000  0.0000000e+000  4.8448030e+003
  0.0000000e+000  2.3000000e+001  1.0000000e+001  1.0000000e+000  0.0000000e+000  1.0000000e+000  1.0000000e+000  9.8541530e+003  0.0000000e+000
  0.0000000e+000  2.8000000e+001  1.1000000e+001  1.0000000e+000  0.0000000e+000  0.0000000e+000  1.0000000e+000  1.3371250e+004  0.0000000e+000
  0.0000000e+000  2.6000000e+001  1.1000000e+001  1.0000000e+000  0.0000000e+000  1.0000000e+000  1.0000000e+000  4.1847320e+003  0.0000000e+000
  0.0000000e+000  2.2000000e+001  1.0000000e+001  1.0000000e+000  0.0000000e+000  0.0000000e+000  1.0000000e+000  2.1749550e+003  5.3440210e+003
  0.0000000e+000  2.7000000e+001  1.3000000e+001  0.0000000e+000  0.0000000e+000  0.0000000e+000  0.0000000e+000  4.7450180e+002  4.8125760e+003
  0.0000000e+000  2.7000000e+001  1.2000000e+001  0.0000000e+000  1.0000000e+000  0.0000000e+000  0.0000000e+000  2.6777710e+003  1.7395170e+004
  0.0000000e+000  3.9000000e+001  6.0000000e+000  1.0000000e+000  0.0000000e+000  0.0000000e+000  1.0000000e+000  0.0000000e+000  0.0000000e+000
  0.0000000e+000  2.5000000e+001  1.1000000e+001  1.0000000e+000  0.0000000e+000  0.0000000e+000  1.0000000e+000  0.0000000e+000  0.0000000e+000
  0.0000000e+000  3.1000000e+001  1.1000000e+001  1.0000000e+000  0.0000000e+000  0.0000000e+000  1.0000000e+000  1.8291410e+004  0.0000000e+000
  0.0000000e+000  2.2000000e+001  1.2000000e+001  1.0000000e+000  0.0000000e+000  0.0000000e+000  0.0000000e+000  2.0036800e+003  4.3968810e+002
  0.0000000e+000  2.2000000e+001  1.0000000e+001  1.0000000e+000  0.0000000e+000  0.0000000e+000  1.0000000e+000  1.3732980e+004  1.0770960e+004
  0.0000000e+000  2.8000000e+001  1.0000000e+001  1.0000000e+000  0.0000000e+000  0.0000000e+000  1.0000000e+000  3.6782340e+002  4.8588950e+003
  0.0000000e+000  3.1000000e+001  1.1000000e+001  1.0000000e+000  0.0000000e+000  0.0000000e+000  1.0000000e+000  6.3825870e+003  0.0000000e+000
  0.0000000e+000  2.7000000e+001  1.0000000e+001  1.0000000e+000  0.0000000e+000  1.0000000e+000  1.0000000e+000  1.1280710e+004  0.0000000e+000
  0.0000000e+000  2.8000000e+001  1.1000000e+001  1.0000000e+000  0.0000000e+000  1.0000000e+000  1.0000000e+000  5.3938950e+003  4.9745860e+003
  0.0000000e+000  2.6000000e+001  1.2000000e+001  1.0000000e+000  0.0000000e+000  0.0000000e+000  0.0000000e+000  0.0000000e+000  0.0000000e+000
  0.0000000e+000  2.7000000e+001  1.2000000e+001  1.0000000e+000  0.0000000e+000  0.0000000e+000  0.0000000e+000  3.2984250e+004  1.0833340e+004
  0.0000000e+000  2.7000000e+001  1.2000000e+001  0.0000000e+000  0.0000000e+000  0.0000000e+000  0.0000000e+000  5.0354440e+003  0.0000000e+000
  0.0000000e+000  3.6000000e+001  1.2000000e+001  1.0000000e+000  0.0000000e+000  0.0000000e+000  0.0000000e+000  1.4239730e+002  0.0000000e+000
  0.0000000e+000  2.6000000e+001  8.0000000e+000  1.0000000e+000  0.0000000e+000  1.0000000e+000  1.0000000e+000  4.0842580e+003  0.0000000e+000
  0.0000000e+000  2.3000000e+001  9.0000000e+000  1.0000000e+000  0.0000000e+000  1.0000000e+000  1.0000000e+000  1.9289850e+004  7.6001040e+003
  0.0000000e+000  2.3000000e+001  1.0000000e+001  1.0000000e+000  0.0000000e+000  0.0000000e+000  1.0000000e+000  0.0000000e+000  0.0000000e+000
  0.0000000e+000  3.1000000e+001  1.2000000e+001  1.0000000e+000  0.0000000e+000  0.0000000e+000  0.0000000e+000  5.6139090e+003  0.0000000e+000
  0.0000000e+000  3.6000000e+001  7.0000000e+000  1.0000000e+000  0.0000000e+000  0.0000000e+000  1.0000000e+000  1.6066620e+003  2.0780650e+004
  0.0000000e+000  3.9000000e+001  1.2000000e+001  1.0000000e+000  0.0000000e+000  1.0000000e+000  0.0000000e+000  6.6081370e+003  4.9925720e+002
  0.0000000e+000  3.5000000e+001  1.1000000e+001  1.0000000e+000  0.0000000e+000  1.0000000e+000  1.0000000e+000  8.7209050e+003  0.0000000e+000
  0.0000000e+000  2.1000000e+001  9.0000000e+000  0.0000000e+000  0.0000000e+000  0.0000000e+000  1.0000000e+000  1.5771670e+003  1.7401990e+003
  0.0000000e+000  3.6000000e+001  1.1000000e+001  0.0000000e+000  1.0000000e+000  0.0000000e+000  1.0000000e+000  3.0638780e+003  1.3245420e+003
  0.0000000e+000  2.7000000e+001  1.2000000e+001  0.0000000e+000  0.0000000e+000  0.0000000e+000  0.0000000e+000  0.0000000e+000  1.4792900e+004
  0.0000000e+000  2.6000000e+001  1.1000000e+001  1.0000000e+000  0.0000000e+000  0.0000000e+000  1.0000000e+000  1.1749910e+003  6.6720210e+003
  0.0000000e+000  2.8000000e+001  9.0000000e+000  1.0000000e+000  0.0000000e+000  1.0000000e+000  1.0000000e+000  9.2104470e+003  1.2398440e+003
  0.0000000e+000  3.3000000e+001  9.0000000e+000  0.0000000e+000  1.0000000e+000  1.0000000e+000  1.0000000e+000  0.0000000e+000  0.0000000e+000
  0.0000000e+000  2.8000000e+001  1.1000000e+001  1.0000000e+000  0.0000000e+000  1.0000000e+000  1.0000000e+000  1.0033910e+004  0.0000000e+000
  0.0000000e+000  2.2000000e+001  1.1000000e+001  1.0000000e+000  0.0000000e+000  0.0000000e+000  1.0000000e+000  6.9744840e+003  3.7087190e+003
  0.0000000e+000  2.5000000e+001  1.1000000e+001  1.0000000e+000  0.0000000e+000  0.0000000e+000  1.0000000e+000  4.2844290e+003  4.1167020e+003
  0.0000000e+000  2.5000000e+001  1.0000000e+001  1.0000000e+000  0.0000000e+000  1.0000000e+000  1.0000000e+000  0.0000000e+000  0.0000000e+000
  0.0000000e+000  2.7000000e+001  1.1000000e+001  1.0000000e+000  0.0000000e+000  0.0000000e+000  1.0000000e+000  7.6629860e+002  0.0000000e+000
  0.0000000e+000  2.6000000e+001  8.0000000e+000  0.0000000e+000  0.0000000e+000  1.0000000e+000  1.0000000e+000  3.6941270e+004  3.0247500e+004
  0.0000000e+000  2.8000000e+001  1.2000000e+001  1.0000000e+000  0.0000000e+000  1.0000000e+000  0.0000000e+000  5.5514560e+003  1.2780020e+004
  0.0000000e+000  2.5000000e+001  1.0000000e+001  0.0000000e+000  0.0000000e+000  0.0000000e+000  1.0000000e+000  8.1404020e+003  3.4129550e+003
  0.0000000e+000  2.2000000e+001  1.0000000e+001  0.0000000e+000  0.0000000e+000  0.0000000e+000  1.0000000e+000  1.0598670e+004  7.0949200e+003
  0.0000000e+000  2.3000000e+001  8.0000000e+000  1.0000000e+000  0.0000000e+000  0.0000000e+000  1.0000000e+000  0.0000000e+000  3.7467010e+003
  0.0000000e+000  2.0000000e+001  1.2000000e+001  0.0000000e+000  0.0000000e+000  0.0000000e+000  0.0000000e+000  3.1048150e+003  1.2573970e+004
  0.0000000e+000  1.9000000e+001  1.1000000e+001  1.0000000e+000  0.0000000e+000  0.0000000e+000  1.0000000e+000  3.2856800e+003  1.1195930e+004
  0.0000000e+000  1.7000000e+001  9.0000000e+000  0.0000000e+000  1.0000000e+000  0.0000000e+000  1.0000000e+000  6.7122710e+002  4.2095790e+003
  0.0000000e+000  1.9000000e+001  1.1000000e+001  1.0000000e+000  0.0000000e+000  0.0000000e+000  1.0000000e+000  5.1602590e+003  0.0000000e+000
  0.0000000e+000  1.8000000e+001  1.1000000e+001  1.0000000e+000  0.0000000e+000  0.0000000e+000  1.0000000e+000  4.1526090e+003  4.1647670e+003
  0.0000000e+000  1.7000000e+001  1.0000000e+001  0.0000000e+000  1.0000000e+000  0.0000000e+000  1.0000000e+000  1.2396280e+003  5.0889860e+003
  0.0000000e+000  2.0000000e+001  1.1000000e+001  1.0000000e+000  0.0000000e+000  0.0000000e+000  1.0000000e+000  3.2489370e+003  6.0276390e+003
  0.0000000e+000  1.8000000e+001  8.0000000e+000  1.0000000e+000  0.0000000e+000  0.0000000e+000  1.0000000e+000  0.0000000e+000  1.5681500e+003
  0.0000000e+000  2.0000000e+001  1.0000000e+001  1.0000000e+000  0.0000000e+000  0.0000000e+000  1.0000000e+000  3.6775880e+003  5.5774990e+002
  0.0000000e+000  1.8000000e+001  1.1000000e+001  1.0000000e+000  0.0000000e+000  0.0000000e+000  1.0000000e+000  2.0413630e+003  7.9655900e+002
  0.0000000e+000  1.9000000e+001  1.0000000e+001  0.0000000e+000  1.0000000e+000  0.0000000e+000  1.0000000e+000  2.2753680e+003  4.3351590e+003
  0.0000000e+000  1.7000000e+001  8.0000000e+000  1.0000000e+000  0.0000000e+000  0.0000000e+000  1.0000000e+000  0.0000000e+000  7.0104440e+003
  0.0000000e+000  1.7000000e+001  1.0000000e+001  0.0000000e+000  1.0000000e+000  0.0000000e+000  1.0000000e+000  1.7345590e+003  6.3541940e+003
  0.0000000e+000  1.8000000e+001  1.0000000e+001  1.0000000e+000  0.0000000e+000  0.0000000e+000  1.0000000e+000  2.6821250e+003  0.0000000e+000
  0.0000000e+000  1.8000000e+001  1.0000000e+001  1.0000000e+000  0.0000000e+000  0.0000000e+000  1.0000000e+000  2.4010670e+002  2.8916680e+003
  0.0000000e+000  1.9000000e+001  1.1000000e+001  0.0000000e+000  1.0000000e+000  1.0000000e+000  1.0000000e+000  3.0821920e+002  0.0000000e+000
  0.0000000e+000  1.8000000e+001  1.1000000e+001  1.0000000e+000  0.0000000e+000  0.0000000e+000  1.0000000e+000  8.7842370e+003  1.8243770e+003
  0.0000000e+000  1.9000000e+001  1.1000000e+001  1.0000000e+000  0.0000000e+000  0.0000000e+000  1.0000000e+000  1.6159010e+003  8.8230590e+003
  0.0000000e+000  1.9000000e+001  1.0000000e+001  1.0000000e+000  0.0000000e+000  0.0000000e+000  1.0000000e+000  9.6399710e+002  7.0470800e+003
  0.0000000e+000  1.9000000e+001  9.0000000e+000  0.0000000e+000  1.0000000e+000  0.0000000e+000  1.0000000e+000  0.0000000e+000  3.8116830e+003
  0.0000000e+000  1.8000000e+001  1.0000000e+001  1.0000000e+000  0.0000000e+000  0.0000000e+000  1.0000000e+000  1.6423650e+003  0.0000000e+000
  0.0000000e+000  1.8000000e+001  1.0000000e+001  1.0000000e+000  0.0000000e+000  0.0000000e+000  1.0000000e+000  0.0000000e+000  9.6024390e+003
  0.0000000e+000  1.7000000e+001  1.1000000e+001  1.0000000e+000  0.0000000e+000  0.0000000e+000  1.0000000e+000  3.7960290e+003  0.0000000e+000
  0.0000000e+000  1.8000000e+001  6.0000000e+000  0.0000000e+000  1.0000000e+000  0.0000000e+000  1.0000000e+000  6.1426810e+003  3.8253080e+003
  0.0000000e+000  1.9000000e+001  1.1000000e+001  1.0000000e+000  0.0000000e+000  0.0000000e+000  1.0000000e+000  2.4455890e+003  9.7722830e+003
  0.0000000e+000  1.8000000e+001  8.0000000e+000  0.0000000e+000  1.0000000e+000  0.0000000e+000  1.0000000e+000  0.0000000e+000  1.0798560e+004
  0.0000000e+000  1.8000000e+001  1.1000000e+001  1.0000000e+000  0.0000000e+000  0.0000000e+000  1.0000000e+000  0.0000000e+000  4.6572730e+003
  0.0000000e+000  1.7000000e+001  1.1000000e+001  1.0000000e+000  0.0000000e+000  0.0000000e+000  1.0000000e+000  0.0000000e+000  8.5515330e+003
  0.0000000e+000  1.9000000e+001  1.0000000e+001  1.0000000e+000  0.0000000e+000  0.0000000e+000  1.0000000e+000  0.0000000e+000  4.3098780e+003
  0.0000000e+000  1.9000000e+001  1.0000000e+001  1.0000000e+000  0.0000000e+000  0.0000000e+000  1.0000000e+000  0.0000000e+000  5.2863960e+003
  0.0000000e+000  1.8000000e+001  9.0000000e+000  1.0000000e+000  0.0000000e+000  0.0000000e+000  1.0000000e+000  0.0000000e+000  1.2486170e+004
  0.0000000e+000  1.8000000e+001  1.0000000e+001  1.0000000e+000  0.0000000e+000  0.0000000e+000  1.0000000e+000  2.2850300e+003  3.2689380e+003
  0.0000000e+000  1.8000000e+001  1.1000000e+001  1.0000000e+000  0.0000000e+000  0.0000000e+000  1.0000000e+000  2.2921710e+003  4.9942270e+003
  0.0000000e+000  1.8000000e+001  1.0000000e+001  1.0000000e+000  0.0000000e+000  0.0000000e+000  1.0000000e+000  2.7355250e+002  5.5143650e+003
  0.0000000e+000  1.8000000e+001  9.0000000e+000  0.0000000e+000  1.0000000e+000  0.0000000e+000  1.0000000e+000  2.6849100e+003  2.9786690e+003
  0.0000000e+000  1.8000000e+001  9.0000000e+000  1.0000000e+000  0.0000000e+000  0.0000000e+000  1.0000000e+000  0.0000000e+000  1.0877350e+004
  0.0000000e+000  1.8000000e+001  1.2000000e+001  1.0000000e+000  0.0000000e+000  0.0000000e+000  0.0000000e+000  1.4055120e+003  0.0000000e+000
  0.0000000e+000  1.8000000e+001  9.0000000e+000  0.0000000e+000  1.0000000e+000  0.0000000e+000  1.0000000e+000  1.6465100e+003  1.0656720e+003
  0.0000000e+000  1.9000000e+001  1.1000000e+001  1.0000000e+000  0.0000000e+000  0.0000000e+000  1.0000000e+000  3.9385980e+002  2.4815180e+003
  0.0000000e+000  1.8000000e+001  7.0000000e+000  0.0000000e+000  1.0000000e+000  1.0000000e+000  1.0000000e+000  2.6722020e+003  6.3308880e+003
  0.0000000e+000  1.9000000e+001  1.1000000e+001  0.0000000e+000  0.0000000e+000  0.0000000e+000  1.0000000e+000  8.2325440e+002  2.6495990e+003
  0.0000000e+000  1.8000000e+001  8.0000000e+000  0.0000000e+000  1.0000000e+000  0.0000000e+000  1.0000000e+000  2.4838520e+003  1.1135530e+004
  0.0000000e+000  1.7000000e+001  8.0000000e+000  1.0000000e+000  0.0000000e+000  0.0000000e+000  1.0000000e+000  1.1782190e+003  1.4380170e+004
  0.0000000e+000  1.8000000e+001  1.0000000e+001  1.0000000e+000  0.0000000e+000  0.0000000e+000  1.0000000e+000  0.0000000e+000  2.0228470e+002
  0.0000000e+000  1.7000000e+001  1.0000000e+001  1.0000000e+000  0.0000000e+000  0.0000000e+000  1.0000000e+000  1.7264390e+003  1.1061620e+004
  0.0000000e+000  1.7000000e+001  1.0000000e+001  1.0000000e+000  0.0000000e+000  0.0000000e+000  1.0000000e+000  6.6456900e+002  0.0000000e+000
  0.0000000e+000  2.0000000e+001  1.0000000e+001  1.0000000e+000  0.0000000e+000  0.0000000e+000  1.0000000e+000  6.9019200e+002  1.0864880e+004
  0.0000000e+000  1.8000000e+001  1.0000000e+001  1.0000000e+000  0.0000000e+000  0.0000000e+000  1.0000000e+000  1.4281440e+003  1.1602940e+004
  0.0000000e+000  1.9000000e+001  1.1000000e+001  1.0000000e+000  0.0000000e+000  0.0000000e+000  1.0000000e+000  7.0519640e+002  0.0000000e+000
  0.0000000e+000  1.7000000e+001  1.0000000e+001  1.0000000e+000  0.0000000e+000  0.0000000e+000  1.0000000e+000  0.0000000e+000  2.6577050e+003
  0.0000000e+000  1.8000000e+001  7.0000000e+000  1.0000000e+000  0.0000000e+000  0.0000000e+000  1.0000000e+000  0.0000000e+000  4.1325770e+003
  0.0000000e+000  1.8000000e+001  1.1000000e+001  1.0000000e+000  0.0000000e+000  0.0000000e+000  1.0000000e+000  0.0000000e+000  1.1303140e+004
  0.0000000e+000  2.0000000e+001  9.0000000e+000  1.0000000e+000  0.0000000e+000  0.0000000e+000  1.0000000e+000  2.4838520e+003  0.0000000e+000
  0.0000000e+000  1.9000000e+001  1.0000000e+001  0.0000000e+000  1.0000000e+000  0.0000000e+000  1.0000000e+000  0.0000000e+000  0.0000000e+000
  0.0000000e+000  1.8000000e+001  9.0000000e+000  1.0000000e+000  0.0000000e+000  0.0000000e+000  1.0000000e+000  0.0000000e+000  0.0000000e+000
  0.0000000e+000  1.7000000e+001  1.0000000e+001  1.0000000e+000  0.0000000e+000  0.0000000e+000  1.0000000e+000  0.0000000e+000  0.0000000e+000
  0.0000000e+000  1.7000000e+001  1.1000000e+001  1.0000000e+000  0.0000000e+000  0.0000000e+000  1.0000000e+000  1.1567970e+003  6.3650310e+003
  0.0000000e+000  1.7000000e+001  1.0000000e+001  1.0000000e+000  0.0000000e+000  0.0000000e+000  1.0000000e+000  0.0000000e+000  2.1894260e+003
  0.0000000e+000  1.8000000e+001  9.0000000e+000  1.0000000e+000  0.0000000e+000  0.0000000e+000  1.0000000e+000  4.9046560e+002  3.4808470e+003
  0.0000000e+000  1.9000000e+001  1.1000000e+001  1.0000000e+000  0.0000000e+000  0.0000000e+000  1.0000000e+000  0.0000000e+000  0.0000000e+000
  0.0000000e+000  1.7000000e+001  8.0000000e+000  0.0000000e+000  0.0000000e+000  0.0000000e+000  1.0000000e+000  0.0000000e+000  1.0210990e+004
  0.0000000e+000  1.8000000e+001  1.0000000e+001  1.0000000e+000  0.0000000e+000  0.0000000e+000  1.0000000e+000  0.0000000e+000  1.1048080e+004
  0.0000000e+000  1.8000000e+001  9.0000000e+000  1.0000000e+000  0.0000000e+000  0.0000000e+000  1.0000000e+000  0.0000000e+000  0.0000000e+000
  0.0000000e+000  1.7000000e+001  9.0000000e+000  1.0000000e+000  0.0000000e+000  0.0000000e+000  1.0000000e+000  2.5952670e+003  0.0000000e+000
  0.0000000e+000  1.7000000e+001  8.0000000e+000  1.0000000e+000  0.0000000e+000  0.0000000e+000  1.0000000e+000  0.0000000e+000  8.9938650e+003
  0.0000000e+000  1.7000000e+001  8.0000000e+000  1.0000000e+000  0.0000000e+000  0.0000000e+000  1.0000000e+000  2.0367900e+003  0.0000000e+000
  0.0000000e+000  1.9000000e+001  9.0000000e+000  0.0000000e+000  1.0000000e+000  0.0000000e+000  1.0000000e+000  2.7508410e+003  1.5581440e+004
  0.0000000e+000  1.7000000e+001  9.0000000e+000  1.0000000e+000  0.0000000e+000  0.0000000e+000  1.0000000e+000  6.2096270e+002  1.8085730e+004
  0.0000000e+000  1.9000000e+001  1.0000000e+001  1.0000000e+000  0.0000000e+000  0.0000000e+000  1.0000000e+000  1.4281440e+003  4.6879370e+003
  0.0000000e+000  1.9000000e+001  6.0000000e+000  0.0000000e+000  1.0000000e+000  0.0000000e+000  1.0000000e+000  0.0000000e+000  5.0718010e+003
  0.0000000e+000  2.0000000e+001  1.1000000e+001  1.0000000e+000  0.0000000e+000  0.0000000e+000  1.0000000e+000  1.6332020e+003  1.3107270e+003
  0.0000000e+000  1.9000000e+001  1.0000000e+001  0.0000000e+000  0.0000000e+000  0.0000000e+000  1.0000000e+000  0.0000000e+000  3.1940100e+003
  0.0000000e+000  1.7000000e+001  1.1000000e+001  0.0000000e+000  0.0000000e+000  0.0000000e+000  1.0000000e+000  0.0000000e+000  0.0000000e+000
  0.0000000e+000  1.8000000e+001  9.0000000e+000  0.0000000e+000  0.0000000e+000  0.0000000e+000  1.0000000e+000  5.5959600e+002  7.3004980e+003
  0.0000000e+000  2.0000000e+001  1.1000000e+001  1.0000000e+000  0.0000000e+000  0.0000000e+000  1.0000000e+000  7.6668750e+003  7.6592180e+003
  0.0000000e+000  2.0000000e+001  1.0000000e+001  1.0000000e+000  0.0000000e+000  0.0000000e+000  1.0000000e+000  2.8562870e+003  1.8347260e+004
  0.0000000e+000  2.0000000e+001  9.0000000e+000  1.0000000e+000  0.0000000e+000  0.0000000e+000  1.0000000e+000  0.0000000e+000  5.1930890e+003
  0.0000000e+000  1.9000000e+001  9.0000000e+000  1.0000000e+000  0.0000000e+000  0.0000000e+000  1.0000000e+000  2.6420670e+003  2.6526250e+003
  0.0000000e+000  1.8000000e+001  1.0000000e+001  1.0000000e+000  0.0000000e+000  0.0000000e+000  1.0000000e+000  2.4569940e+003  1.3674750e+004
  0.0000000e+000  1.9000000e+001  1.1000000e+001  1.0000000e+000  0.0000000e+000  0.0000000e+000  1.0000000e+000  4.5030640e+003  0.0000000e+000
  0.0000000e+000  1.7000000e+001  9.0000000e+000  1.0000000e+000  0.0000000e+000  0.0000000e+000  1.0000000e+000  0.0000000e+000  0.0000000e+000
  0.0000000e+000  1.8000000e+001  9.0000000e+000  1.0000000e+000  0.0000000e+000  0.0000000e+000  1.0000000e+000  1.4138630e+003  3.4755200e+003
  0.0000000e+000  1.7000000e+001  1.1000000e+001  1.0000000e+000  0.0000000e+000  0.0000000e+000  1.0000000e+000  1.6520770e+002  4.2511270e+003
  0.0000000e+000  1.7000000e+001  1.0000000e+001  1.0000000e+000  0.0000000e+000  0.0000000e+000  1.0000000e+000  0.0000000e+000  2.7556610e+002
  0.0000000e+000  1.9000000e+001  1.0000000e+001  1.0000000e+000  0.0000000e+000  0.0000000e+000  1.0000000e+000  6.0415390e+002  0.0000000e+000
  0.0000000e+000  1.7000000e+001  1.0000000e+001  0.0000000e+000  1.0000000e+000  0.0000000e+000  1.0000000e+000  1.1689020e+003  1.1306270e+004
  0.0000000e+000  2.0000000e+001  9.0000000e+000  1.0000000e+000  0.0000000e+000  0.0000000e+000  1.0000000e+000  9.6910330e+003  8.5626030e+003
  0.0000000e+000  1.7000000e+001  9.0000000e+000  1.0000000e+000  0.0000000e+000  0.0000000e+000  1.0000000e+000  0.0000000e+000  3.5907020e+003
  0.0000000e+000  1.9000000e+001  1.1000000e+001  1.0000000e+000  0.0000000e+000  0.0000000e+000  1.0000000e+000  0.0000000e+000  0.0000000e+000
  0.0000000e+000  1.7000000e+001  1.0000000e+001  0.0000000e+000  0.0000000e+000  0.0000000e+000  1.0000000e+000  2.4656130e+003  4.2116620e+003
  0.0000000e+000  1.9000000e+001  1.0000000e+001  1.0000000e+000  0.0000000e+000  1.0000000e+000  1.0000000e+000  0.0000000e+000  1.2797670e+004
  0.0000000e+000  2.0000000e+001  9.0000000e+000  1.0000000e+000  0.0000000e+000  0.0000000e+000  1.0000000e+000  0.0000000e+000  2.0359140e+003
  0.0000000e+000  1.8000000e+001  1.1000000e+001  1.0000000e+000  0.0000000e+000  0.0000000e+000  1.0000000e+000  1.1703270e+003  6.0422870e+002
  0.0000000e+000  1.8000000e+001  1.0000000e+001  0.0000000e+000  1.0000000e+000  1.0000000e+000  1.0000000e+000  1.9226250e+003  4.7683540e+003
  0.0000000e+000  1.8000000e+001  9.0000000e+000  1.0000000e+000  0.0000000e+000  0.0000000e+000  1.0000000e+000  0.0000000e+000  2.3896790e+003
  0.0000000e+000  1.8000000e+001  1.1000000e+001  1.0000000e+000  0.0000000e+000  0.0000000e+000  1.0000000e+000  0.0000000e+000  0.0000000e+000
  0.0000000e+000  2.0000000e+001  1.0000000e+001  1.0000000e+000  0.0000000e+000  0.0000000e+000  1.0000000e+000  2.7499770e+003  6.8677410e+003
  0.0000000e+000  1.7000000e+001  1.0000000e+001  0.0000000e+000  1.0000000e+000  0.0000000e+000  1.0000000e+000  0.0000000e+000  8.4692750e+003
  0.0000000e+000  1.9000000e+001  1.1000000e+001  1.0000000e+000  0.0000000e+000  0.0000000e+000  1.0000000e+000  0.0000000e+000  0.0000000e+000
  0.0000000e+000  1.9000000e+001  9.0000000e+000  1.0000000e+000  0.0000000e+000  0.0000000e+000  1.0000000e+000  1.5379290e+003  4.1887360e+003
  0.0000000e+000  1.7000000e+001  1.0000000e+001  1.0000000e+000  0.0000000e+000  0.0000000e+000  1.0000000e+000  0.0000000e+000  1.1433870e+003
  0.0000000e+000  2.0000000e+001  1.1000000e+001  1.0000000e+000  0.0000000e+000  0.0000000e+000  1.0000000e+000  8.0120850e+003  1.8155830e+004
  0.0000000e+000  1.7000000e+001  8.0000000e+000  1.0000000e+000  0.0000000e+000  0.0000000e+000  1.0000000e+000  7.6881020e+002  3.0209480e+003
  0.0000000e+000  1.8000000e+001  8.0000000e+000  0.0000000e+000  0.0000000e+000  0.0000000e+000  1.0000000e+000  1.3459090e+003  1.7255920e+003
  0.0000000e+000  2.0000000e+001  1.0000000e+001  1.0000000e+000  0.0000000e+000  0.0000000e+000  1.0000000e+000  8.2523010e+002  0.0000000e+000
  0.0000000e+000  1.7000000e+001  9.0000000e+000  0.0000000e+000  1.0000000e+000  0.0000000e+000  1.0000000e+000  0.0000000e+000  5.1148140e+003
  0.0000000e+000  1.7000000e+001  9.0000000e+000  1.0000000e+000  0.0000000e+000  0.0000000e+000  1.0000000e+000  1.2064410e+003  0.0000000e+000
  0.0000000e+000  1.9000000e+001  1.1000000e+001  1.0000000e+000  0.0000000e+000  0.0000000e+000  1.0000000e+000  0.0000000e+000  0.0000000e+000
  0.0000000e+000  1.8000000e+001  1.0000000e+001  1.0000000e+000  0.0000000e+000  0.0000000e+000  1.0000000e+000  0.0000000e+000  7.8122430e+002
